d = 0 bin: 00000000 00000000 00000000 00000000 00000000 00000000 00000000 00000000 
d = 1 bin: 00000000 00000000 00000000 00000000 00000000 00000000 00001111 11111100 
d = -1 bin: 00000000 00000000 00000000 00000000 00000000 00000000 00001111 11111101 
d = 2 bin: 00000000 00000000 00000000 00000000 00000000 00000000 00000000 00000010 
d = -2 bin: 00000000 00000000 00000000 00000000 00000000 00000000 00000000 00000011 
d = 3 bin: 00000000 00000000 00000000 00000000 00000000 00000000 00010000 00000010 
d = -3 bin: 00000000 00000000 00000000 00000000 00000000 00000000 00010000 00000011 
d = 4 bin: 00000000 00000000 00000000 00000000 00000000 00000000 00001000 00000010 
d = -4 bin: 00000000 00000000 00000000 00000000 00000000 00000000 00001000 00000011 
d = 0.1 bin: 01011001 10011001 10011001 10011001 10011001 10011001 10011101 11111100 
d = -0.1 bin: 01011001 10011001 10011001 10011001 10011001 10011001 10011101 11111101 
d = 10 bin: 00000000 00000000 00000000 00000000 00000000 00000000 00100100 00000010 
d = -10 bin: 00000000 00000000 00000000 00000000 00000000 00000000 00100100 00000011 
